00 FF FF FF FF FF FF 00 41 0C 00 00 00 00 00 00
00 15 01 03 80 00 00 78 0A 2F CD A3 54 45 97 24
11 46 47 21 08 00 01 01 01 01 01 01 01 01 01 01
01 01 01 01 01 01 02 3A 80 18 71 38 2D 40 58 2C
45 00 10 09 00 00 00 1E 8C 0A D0 8A 20 E0 2D 10
10 3E 96 00 10 09 00 00 00 18 00 00 00 FC 00 50
48 49 4C 49 50 53 0A 20 20 20 20 20 00 00 00 FD
00 17 3F 0F 45 0F 00 0A 20 20 20 20 20 20 01 68
02 03 20 70 4A 10 03 20 22 04 02 05 06 07 01 26
09 07 07 15 07 50 83 01 00 00 65 03 0C 00 10 00
01 1D 80 3E 73 38 2D 40 7E 2C 45 80 10 09 00 00
00 1E 01 1D 80 18 71 38 2D 40 58 2C 45 00 10 09
00 00 00 1E 01 1D 00 72 51 D0 1E 20 6E 28 55 00
10 09 00 00 00 1E 66 21 50 B0 51 00 1B 30 40 70
36 00 10 09 00 00 00 1E A9 1A 00 A0 50 00 16 30
30 20 37 00 05 03 00 00 00 1A 00 00 00 00 00 A9